1000
30 4
0 10
46 11
28 9
25 2
17 2
12 4
8 11
44 10
9 8
50 8
29 6
46 10
47 1
44 11
10 5
10 2
9 9
21 6
29 10
38 4
20 5
13 0
19 5
32 9
29 0
29 5
14 0
33 1
38 4
32 0
13 8
38 4
41 9
46 1
47 7
3 6
28 5
3 11
8 7
20 11
34 4
10 0
23 4
20 2
15 9
48 8
45 9
25 10
22 3
13 6
1 3
14 6
29 6
44 11
44 6
29 9
0 3
23 2
46 1
29 4
47 9
13 1
16 4
39 6
7 9
23 6
37 6
2 8
23 5
6 0
35 3
28 4
5 10
6 1
43 3
15 8
41 7
2 10
9 4
32 2
20 9
42 10
38 11
15 2
15 11
46 3
35 0
29 4
8 9
20 1
36 3
13 11
26 0
37 2
8 11
45 10
36 3
19 7
28 8
30 8
9 6
47 9
29 4
13 8
10 9
7 1
1 8
49 0
5 7
37 0
23 0
7 11
20 3
44 0
44 0
4 7
40 2
25 8
43 10
36 3
31 5
9 3
34 8
26 10
1 4
33 11
1 0
1 10
23 1
3 10
30 8
50 3
14 3
14 4
3 1
29 4
1 8
6 4
7 7
16 2
31 10
49 8
48 5
20 5
33 4
12 6
46 9
41 8
7 11
12 7
41 2
40 8
30 11
36 5
38 9
3 3
20 4
9 0
20 2
1 2
49 4
45 5
46 9
43 3
38 4
34 10
17 10
10 11
7 6
28 11
3 2
41 3
26 2
45 0
19 10
25 6
9 5
1 11
13 4
15 5
14 7
34 5
14 6
18 9
48 8
19 3
25 3
38 2
16 5
9 5
40 1
35 5
22 5
10 6
8 2
26 0
42 5
5 3
1 2
0 2
4 6
4 5
31 8
46 5
31 2
17 7
50 0
31 3
41 7
4 0
4 4
2 5
8 9
13 1
27 10
10 6
32 9
43 2
45 0
35 5
50 5
3 9
48 9
21 3
48 1
36 1
6 10
47 7
38 6
18 11
37 0
27 5
35 11
36 10
25 1
31 9
33 11
7 2
13 3
2 1
17 9
38 3
19 1
23 11
7 3
0 6
31 0
48 5
11 0
6 0
36 0
33 7
6 4
37 9
29 10
49 9
17 8
42 2
8 6
4 0
29 4
25 6
15 4
49 2
12 6
23 2
34 0
49 2
30 4
8 5
19 9
26 6
46 0
1 1
45 0
47 8
47 1
23 1
3 10
3 1
37 9
23 9
22 8
23 7
18 0
2 10
17 7
49 6
29 2
50 5
46 2
25 1
37 11
12 4
13 7
8 10
20 8
11 10
1 3
18 7
23 8
35 9
15 3
30 7
14 6
10 0
26 3
4 6
7 8
23 3
49 11
25 10
18 0
5 5
28 0
28 1
49 10
18 10
13 8
45 8
15 4
43 9
29 5
15 1
4 3
34 3
31 8
41 7
14 4
21 10
34 8
2 6
42 10
28 10
41 2
46 10
17 8
33 11
3 7
10 4
47 5
33 6
18 11
26 1
44 6
36 6
15 8
16 6
4 6
2 2
0 8
50 9
32 3
23 4
1 10
34 9
8 2
44 11
20 10
35 7
13 7
11 2
3 4
36 2
17 6
5 10
41 6
13 11
46 3
27 2
47 8
14 0
38 11
43 9
1 5
49 4
19 5
25 0
8 11
7 11
5 9
28 5
7 11
7 10
32 3
42 3
37 1
6 4
28 11
49 7
8 8
36 0
20 10
8 7
46 7
26 11
11 8
36 9
45 2
32 5
3 7
19 5
29 6
38 2
15 3
18 0
26 3
27 8
8 11
26 0
48 8
15 7
48 11
31 4
24 0
43 0
50 11
25 2
27 0
42 0
1 8
18 6
2 10
10 2
40 5
18 9
47 4
28 5
24 8
9 4
18 7
37 0
34 8
4 5
15 0
47 11
11 7
33 4
31 11
45 1
48 0
40 5
45 9
16 8
3 9
15 10
44 9
16 10
0 3
35 1
36 10
2 2
6 0
14 5
2 3
22 3
28 1
28 3
0 2
33 0
16 5
40 1
24 3
18 8
12 6
27 2
5 9
12 9
34 1
19 4
7 2
10 1
3 7
16 7
16 11
47 2
36 8
44 3
45 9
18 11
1 7
0 4
2 5
44 9
24 2
31 7
7 9
9 7
48 4
15 8
4 8
16 10
33 4
17 0
28 11
33 5
37 0
47 11
5 10
43 1
29 6
34 11
16 10
30 4
11 2
41 8
26 6
49 4
16 8
47 0
7 8
21 10
10 8
1 8
1 10
23 1
3 3
24 0
36 6
23 2
39 11
44 7
24 5
15 4
19 5
44 0
26 8
36 1
39 11
9 6
7 10
5 5
38 5
30 2
32 7
22 7
33 9
21 11
50 8
2 7
33 2
9 0
16 6
20 7
8 8
34 4
30 1
4 7
24 2
1 2
23 7
32 8
24 9
7 2
2 2
33 3
22 4
19 3
3 4
6 10
49 5
26 10
1 10
44 1
33 8
7 0
25 3
27 3
39 9
39 7
45 1
15 3
30 3
42 3
34 5
0 2
18 7
45 2
1 3
40 7
27 10
15 10
10 9
17 9
50 0
47 3
6 3
19 0
31 1
12 11
40 2
36 10
15 0
46 6
43 1
1 10
42 2
44 5
13 2
44 5
40 9
14 11
43 8
38 5
2 2
32 11
13 11
39 9
33 11
16 10
8 11
5 10
3 1
14 3
36 2
42 8
40 4
44 7
26 11
28 0
20 3
28 11
14 4
16 10
40 1
27 8
14 1
33 1
42 7
31 10
20 7
35 6
6 7
8 9
48 6
44 2
22 5
32 5
43 5
17 1
35 11
11 11
39 4
19 1
43 8
38 1
1 5
6 3
33 11
15 1
37 0
0 3
24 9
37 3
39 5
21 4
24 5
48 4
40 5
49 5
20 4
45 8
35 8
26 6
46 3
45 11
30 0
1 9
14 10
32 10
9 9
38 5
16 2
6 1
27 10
9 4
6 8
26 5
28 8
2 11
32 9
41 8
28 4
24 1
20 2
18 6
13 11
5 6
9 10
21 9
47 0
0 5
12 10
26 9
34 5
16 2
45 10
47 2
9 6
48 5
50 7
21 3
35 8
16 7
39 8
25 7
45 4
44 9
22 10
42 9
18 11
15 1
22 5
15 1
10 0
18 9
20 8
3 4
1 5
42 9
9 5
9 8
31 10
38 7
13 5
22 10
17 9
18 11
44 7
35 10
22 2
13 2
29 10
33 11
15 4
36 0
17 6
47 3
14 11
12 1
34 2
25 5
35 8
41 7
42 8
4 9
25 4
43 9
28 4
4 10
26 3
6 1
2 0
29 10
38 0
0 2
50 11
45 6
15 8
42 5
33 4
41 2
35 0
33 3
21 8
22 6
29 6
40 10
20 8
32 5
19 5
24 8
19 10
20 6
46 5
11 6
23 11
47 7
28 10
9 4
30 8
14 10
26 8
43 11
46 10
42 2
6 3
5 11
4 4
3 5
35 2
4 11
39 6
34 1
7 6
45 5
47 9
24 5
19 2
15 4
7 0
12 7
11 5
50 2
31 10
43 4
9 0
31 4
50 6
14 0
30 6
27 10
39 2
38 11
4 8
0 2
25 8
7 0
18 10
41 9
36 0
1 6
9 2
34 2
45 5
30 4
39 1
36 8
3 7
11 11
46 11
1 2
10 2
10 6
19 1
39 5
26 7
45 10
36 10
33 5
35 6
8 1
41 3
19 5
22 3
5 8
26 7
10 11
25 10
35 5
36 6
44 5
48 11
23 1
36 3
45 4
28 0
8 4
16 3
13 5
24 7
32 3
16 6
49 10
23 6
48 1
29 0
17 1
22 3
49 2
36 11
24 8
50 7
45 9
2 2
46 1
9 5
9 0
3 10
35 11
9 5
26 9
14 8
7 6
24 2
44 11
23 10
27 6
34 4
46 11
31 10
40 10
3 6
14 3
0 3
14 2
30 0
27 8
36 1
8 1
30 6
26 3
35 0
48 8
6 11
43 3
35 10
23 7
32 7
24 3
29 4
5 2
9 8
29 10
20 0
6 3
12 11
1 3
4 7
24 10
4 6
24 6
13 6
38 6
42 11
18 9
19 9
41 7
7 7
25 2
1 10
25 8
36 5
32 8
44 5
47 0
37 11
23 2
38 1
41 0
13 1
11 6
11 6
2 5
23 3
36 3
19 0
40 2
8 9
23 7
10 10
7 6
38 10
35 0
50 2
13 2
44 8
4 1
5 11
14 1
1 10
15 0
9 6
7 8
19 0
33 7
49 6
18 9
34 10
20 6
40 7
34 6
16 10
14 8
5 0
34 3
35 11
49 4
15 1
30 1
12 10
21 5
50 0
41 11
24 0
5 3
43 2
28 0
16 9
36 0
26 0
28 9
43 4
49 11
34 3
2 1
46 7
31 7
2 5
