100
22 9
20 4
23 6
33 9
31 4
36 1
2 8
16 1
4 2
7 8
10 1
42 7
23 7
24 0
14 10
28 8
39 5
6 11
24 3
37 5
50 9
9 9
50 1
7 6
5 4
38 1
19 2
31 5
2 3
39 6
20 7
29 3
24 10
7 8
22 9
33 10
21 9
30 4
32 10
11 6
2 11
17 1
21 4
15 9
35 3
41 2
19 6
20 11
50 9
44 8
24 5
23 6
42 11
1 5
7 4
15 6
27 5
45 7
50 11
16 1
30 0
50 1
25 6
33 9
34 9
11 5
6 10
47 1
45 9
27 7
12 8
48 0
34 0
40 7
34 10
37 10
9 3
14 0
6 9
46 7
35 11
47 8
34 10
49 0
8 8
28 6
49 10
48 3
15 0
1 4
22 10
33 5
18 10
42 5
22 6
48 11
32 8
39 10
18 0
2 10
